boughtInLastMonth,stars,reviews
20000,4.8,34839
20000,4.6,9044
20000,4.5,9414
10000,4.7,13033
10000,4.7,11278
10000,4.7,9649
10000,4.7,8056
10000,4.7,6069
10000,4.7,4551
10000,4.7,3986
10000,4.7,2809
10000,4.7,2753
10000,4.7,2140
10000,4.7,1535
10000,4.7,1271
10000,4.6,645365
10000,4.6,8849
10000,4.6,7441
10000,4.5,163381
10000,4.5,90851
10000,4.7,13033
10000,4.7,11278
10000,4.7,9649
10000,4.7,8056
10000,4.7,4551
10000,4.7,2809
10000,4.7,1535
10000,4.6,8849
10000,4.6,7441
10000,4.5,163381
10000,4.5,46331
10000,4.5,7099
10000,4.5,2891
10000,4.5,1593
10000,4.5,813
10000,4.4,834
10000,4.1,33191
9000,4.8,13435
9000,4.8,9140
9000,4.7,39514
